function Q = Q(P)
V21 = (P(2) * P(3)) / P(1);
Q11 = P(1) / (1 - P(3) * V21);
Q12 = (( P(3) * P(2) ) / (1 - P(3) * V21));
Q22 = P(2) / (1 - P(3) * V21);
Q66 = P(4);
Q16 = 0;
Q26 = 0;
Q = [Q11, Q12, Q16; Q12, Q22, Q26; Q16, Q26, Q66] * 10 ^ 9;
end